0.25396825396825395	0.03333333333333333	0.3213828425096031	0.25396825396825395	0.03333333333333333	0.3213828425096031	1	0	0	0	0	0	0	0	1	0	0	0	0	0
0.25396825396825395	0.23333333333333334	0.3290653008962868	0.25396825396825395	0.23333333333333334	0.3290653008962868	1	0	0	0	0	0	0	0	1	0	0	0	0	0
0.25396825396825395	0.5666666666666667	0.3418693982074264	0.25396825396825395	0.5666666666666667	0.3418693982074264	1	0	0	0	0	0	0	0	0	1	0	0	0	0
0.2857142857142857	0.03333333333333333	0.3495518565941101	0.2857142857142857	0.03333333333333333	0.3495518565941101	1	0	0	0	0	0	0	0	1	0	0	0	0	0
0.2857142857142857	0.2	0.3559539052496799	0.2857142857142857	0.2	0.3559539052496799	0	1	0	0	0	0	0	0	0	1	0	0	0	0
0.2857142857142857	0.23333333333333334	0.35723431498079383	0.2857142857142857	0.23333333333333334	0.35723431498079383	1	0	0	0	0	0	0	0	0	0	0	0	1	0
0.2857142857142857	0.26666666666666666	0.3585147247119078	0.2857142857142857	0.26666666666666666	0.3585147247119078	0	0	0	0	1	0	0	0	0	0	1	0	0	0
0.2857142857142857	0.3333333333333333	0.36107554417413573	0.2857142857142857	0.3333333333333333	0.36107554417413573	1	0	0	0	0	0	0	0	0	0	0	0	1	0
0.30158730158730157	0.03333333333333333	0.3649167733674776	0.30158730158730157	0.03333333333333333	0.3649167733674776	1	0	0	0	0	0	0	0	0	1	0	0	0	0
0.30158730158730157	0.13333333333333333	0.3687580025608195	0.30158730158730157	0.13333333333333333	0.3687580025608195	1	0	0	0	0	0	0	0	0	0	0	0	1	0
0.30158730158730157	0.16666666666666666	0.3700384122919334	0.30158730158730157	0.16666666666666666	0.3700384122919334	1	0	0	0	0	0	0	0	1	0	0	0	0	0
0.30158730158730157	0.26666666666666666	0.3738796414852753	0.30158730158730157	0.26666666666666666	0.3738796414852753	1	0	0	0	0	0	0	0	0	0	0	0	1	0
0.30158730158730157	0.3333333333333333	0.3764404609475032	0.30158730158730157	0.3333333333333333	0.3764404609475032	1	0	0	0	0	0	0	0	0	1	0	0	0	0
0.31746031746031744	0.03333333333333333	0.38412291933418696	0.31746031746031744	0.03333333333333333	0.38412291933418696	1	0	0	0	0	0	0	0	1	0	0	0	0	0
0.31746031746031744	0.16666666666666666	0.3892445582586428	0.31746031746031744	0.16666666666666666	0.3892445582586428	0	1	0	0	0	0	0	0	0	1	0	0	0	0
0.3492063492063492	0.03333333333333333	0.39436619718309857	0.3492063492063492	0.03333333333333333	0.39436619718309857	1	0	0	0	0	0	0	0	1	0	0	0	0	0
0.3492063492063492	0.16666666666666666	0.3994878361075544	0.3492063492063492	0.16666666666666666	0.3994878361075544	0	0	0	1	0	0	0	0	0	1	0	0	0	0
0.3492063492063492	0.3	0.4046094750320102	0.3492063492063492	0.3	0.4046094750320102	1	0	0	0	0	0	0	0	0	0	0	0	1	0
0.3492063492063492	0.3333333333333333	0.4058898847631242	0.3492063492063492	0.3333333333333333	0.4058898847631242	1	0	0	0	0	0	0	0	0	0	0	0	1	0
0.36507936507936506	0.03333333333333333	0.4084507042253521	0.36507936507936506	0.03333333333333333	0.4084507042253521	1	0	0	0	0	0	0	0	0	0	0	0	1	0
0.38095238095238093	0.06666666666666667	0.41229193341869397	0.38095238095238093	0.06666666666666667	0.41229193341869397	0	0	1	0	0	0	0	0	0	1	0	0	0	0
0.38095238095238093	0.2	0.4174135723431498	0.38095238095238093	0.2	0.4174135723431498	0	0	1	0	0	0	0	0	0	0	0	0	1	0
0.31746031746031744	0.16666666666666666	0.3892445582586428	0.38095238095238093	0.3	0.4212548015364917	0	0	1	0	0	0	0	0	0	1	0	0	0	0
0.38095238095238093	0.3333333333333333	0.4225352112676056	0.38095238095238093	0.3333333333333333	0.4225352112676056	1	0	0	0	0	0	0	0	0	0	0	0	1	0
0.3968253968253968	0.06666666666666667	0.4263764404609475	0.3968253968253968	0.06666666666666667	0.4263764404609475	1	0	0	0	0	0	0	0	1	0	0	0	0	0
0.3968253968253968	0.2	0.43149807938540335	0.3968253968253968	0.2	0.43149807938540335	1	0	0	0	0	0	0	0	0	0	0	0	1	0
0.3968253968253968	0.23333333333333334	0.4327784891165173	0.3968253968253968	0.23333333333333334	0.4327784891165173	1	0	0	0	0	0	0	0	1	0	0	0	0	0
0.3968253968253968	0.36666666666666664	0.4379001280409731	0.3968253968253968	0.36666666666666664	0.4379001280409731	0	1	0	0	0	0	0	0	0	1	0	0	0	0
0.3968253968253968	0.43333333333333335	0.44046094750320103	0.3968253968253968	0.43333333333333335	0.44046094750320103	1	0	0	0	0	0	0	0	0	0	0	0	1	0
0.3968253968253968	0.5	0.44302176696542894	0.3968253968253968	0.5	0.44302176696542894	0	0	0	0	1	0	0	0	0	0	1	0	0	0
0.3968253968253968	0.5333333333333333	0.44430217669654287	0.3968253968253968	0.5333333333333333	0.44430217669654287	1	0	0	0	0	0	0	0	0	0	0	0	1	0
0.3968253968253968	0.36666666666666664	0.4379001280409731	0.3968253968253968	0.6	0.4468629961587708	0	0	1	0	0	0	0	0	0	1	0	0	0	0
0.3968253968253968	0.6666666666666666	0.4494238156209987	0.3968253968253968	0.6666666666666666	0.4494238156209987	1	0	0	0	0	0	0	0	0	0	0	0	1	0
0.3968253968253968	0.7333333333333333	0.4519846350832266	0.3968253968253968	0.7333333333333333	0.4519846350832266	0	0	0	0	1	0	0	0	0	0	1	0	0	0
0.3968253968253968	0.8	0.45454545454545453	0.3968253968253968	0.8	0.45454545454545453	1	0	0	0	0	0	0	0	0	0	0	0	1	0
0.3968253968253968	0.36666666666666664	0.4379001280409731	0.3968253968253968	0.8666666666666667	0.45710627400768244	0	0	1	0	0	0	0	0	0	1	0	0	0	0
0.3968253968253968	0.9	0.45838668373879643	0.3968253968253968	0.9	0.45838668373879643	1	0	0	0	0	0	0	0	0	0	0	0	1	0
0.3968253968253968	0.9666666666666667	0.46094750320102434	0.3968253968253968	0.9666666666666667	0.46094750320102434	1	0	0	0	0	0	0	0	0	0	0	0	1	0
0.4126984126984127	0.06666666666666667	0.4647887323943662	0.4126984126984127	0.06666666666666667	0.4647887323943662	1	0	0	0	0	0	0	0	0	0	0	0	1	0
0.42857142857142855	0.1	0.469910371318822	0.42857142857142855	0.1	0.469910371318822	0	0	1	0	0	0	0	0	0	1	0	0	0	0
0.42857142857142855	0.23333333333333334	0.47503201024327785	0.42857142857142855	0.23333333333333334	0.47503201024327785	1	0	0	0	0	0	0	0	0	0	0	0	1	0
0.42857142857142855	0.26666666666666666	0.47631241997439183	0.42857142857142855	0.26666666666666666	0.47631241997439183	1	0	0	0	0	0	0	0	0	1	0	0	0	0
0.42857142857142855	0.4666666666666667	0.4839948783610755	0.42857142857142855	0.4666666666666667	0.4839948783610755	1	0	0	0	0	0	0	0	0	0	0	0	1	0
0.3968253968253968	0.36666666666666664	0.4379001280409731	0.42857142857142855	0.5	0.4852752880921895	0	0	1	0	0	0	0	0	0	1	0	0	0	0
0.42857142857142855	0.5333333333333333	0.48655569782330343	0.42857142857142855	0.5333333333333333	0.48655569782330343	1	0	0	0	0	0	0	0	0	0	0	0	1	0
0.42857142857142855	0.5666666666666667	0.4878361075544174	0.42857142857142855	0.5666666666666667	0.4878361075544174	1	0	0	0	0	0	0	0	0	0	0	0	1	0
0.4444444444444444	0.06666666666666667	0.49167733674775926	0.4444444444444444	0.06666666666666667	0.49167733674775926	1	0	0	0	0	0	0	0	0	0	0	0	1	0
0.4603174603174603	0.06666666666666667	0.49551856594110116	0.4603174603174603	0.06666666666666667	0.49551856594110116	1	0	0	0	0	0	0	0	1	0	0	0	0	0
0.4603174603174603	0.2	0.5006402048655569	0.4603174603174603	0.2	0.5006402048655569	1	0	0	0	0	0	0	0	0	0	0	0	1	0
0.4603174603174603	0.23333333333333334	0.5019206145966709	0.4603174603174603	0.23333333333333334	0.5019206145966709	1	0	0	0	0	0	0	0	1	0	0	0	0	0
0.4603174603174603	0.36666666666666664	0.5070422535211268	0.4603174603174603	0.36666666666666664	0.5070422535211268	0	1	0	0	0	0	0	0	0	1	0	0	0	0
0.4603174603174603	0.43333333333333335	0.5096030729833547	0.4603174603174603	0.43333333333333335	0.5096030729833547	1	0	0	0	0	0	0	0	0	0	0	0	1	0
0.4603174603174603	0.5	0.5121638924455826	0.4603174603174603	0.5	0.5121638924455826	0	0	0	0	1	0	0	0	0	0	1	0	0	0
0.4603174603174603	0.5333333333333333	0.5134443021766966	0.4603174603174603	0.5333333333333333	0.5134443021766966	1	0	0	0	0	0	0	0	0	0	0	0	1	0
0.4603174603174603	0.36666666666666664	0.5070422535211268	0.4603174603174603	0.6	0.5160051216389244	0	0	1	0	0	0	0	0	0	1	0	0	0	0
0.4603174603174603	0.6666666666666666	0.5185659411011524	0.4603174603174603	0.6666666666666666	0.5185659411011524	1	0	0	0	0	0	0	0	0	0	0	0	1	0
0.31746031746031744	0.16666666666666666	0.3892445582586428	0.4603174603174603	0.7333333333333333	0.5211267605633803	0	0	1	0	0	0	0	0	0	1	0	0	0	0
0.4603174603174603	0.7666666666666667	0.5224071702944942	0.4603174603174603	0.7666666666666667	0.5224071702944942	1	0	0	0	0	0	0	0	0	0	0	0	1	0
0.4603174603174603	0.36666666666666664	0.5070422535211268	0.4603174603174603	0.8333333333333334	0.5249679897567221	0	0	1	0	0	0	0	0	0	1	0	0	0	0
0.4603174603174603	0.8666666666666667	0.5262483994878361	0.4603174603174603	0.8666666666666667	0.5262483994878361	1	0	0	0	0	0	0	0	0	0	0	0	1	0
0.4603174603174603	0.9333333333333333	0.528809218950064	0.4603174603174603	0.9333333333333333	0.528809218950064	1	0	0	0	0	0	0	0	0	0	0	0	1	0
0.47619047619047616	0.06666666666666667	0.5326504481434059	0.47619047619047616	0.06666666666666667	0.5326504481434059	1	0	0	0	0	0	0	0	0	0	0	0	1	0
0.49206349206349204	0.1	0.5377720870678617	0.49206349206349204	0.1	0.5377720870678617	1	0	0	0	0	0	0	0	1	0	0	0	0	0
0.49206349206349204	0.26666666666666666	0.5441741357234315	0.49206349206349204	0.26666666666666666	0.5441741357234315	0	1	0	0	0	0	0	0	0	1	0	0	0	0
0.49206349206349204	0.3	0.5454545454545454	0.49206349206349204	0.3	0.5454545454545454	1	0	0	0	0	0	0	0	0	0	0	0	1	0
0.5079365079365079	0.1	0.5505761843790012	0.5079365079365079	0.1	0.5505761843790012	0	0	1	0	0	0	0	0	0	1	0	0	0	0
0.5079365079365079	0.23333333333333334	0.5556978233034571	0.5079365079365079	0.23333333333333334	0.5556978233034571	0	0	1	0	0	0	0	0	0	0	0	0	1	0
0.49206349206349204	0.26666666666666666	0.5441741357234315	0.5079365079365079	0.3333333333333333	0.559539052496799	0	0	1	0	0	0	0	0	0	1	0	0	0	0
0.5079365079365079	0.36666666666666664	0.5608194622279129	0.5079365079365079	0.36666666666666664	0.5608194622279129	1	0	0	0	0	0	0	0	0	0	0	0	1	0
0.5238095238095238	0.1	0.5659411011523687	0.5238095238095238	0.1	0.5659411011523687	1	0	0	0	0	0	0	0	1	0	0	0	0	0
0.5238095238095238	0.2	0.5697823303457106	0.5238095238095238	0.2	0.5697823303457106	1	0	0	0	0	0	0	0	0	0	0	0	1	0
0.49206349206349204	0.26666666666666666	0.5441741357234315	0.5238095238095238	0.23333333333333334	0.5710627400768246	0	0	1	0	0	0	0	0	0	1	0	0	0	0
0.5238095238095238	0.3	0.5736235595390525	0.5238095238095238	0.3	0.5736235595390525	1	0	0	0	0	0	0	0	0	0	0	0	1	0
0.5238095238095238	0.4	0.5774647887323944	0.5238095238095238	0.4	0.5774647887323944	0	0	0	0	0	1	0	0	0	0	1	0	0	0
0.5238095238095238	0.5	0.5813060179257362	0.5238095238095238	0.5	0.5813060179257362	1	0	0	0	0	0	0	0	0	0	0	0	1	0
0.5396825396825397	0.1	0.586427656850192	0.5396825396825397	0.1	0.586427656850192	1	0	0	0	0	0	0	0	0	0	0	0	1	0
0.5555555555555556	0.13333333333333333	0.5928297055057619	0.5555555555555556	0.13333333333333333	0.5928297055057619	1	0	0	0	0	0	0	0	1	0	0	0	0	0
0.5555555555555556	0.26666666666666666	0.5979513444302177	0.5555555555555556	0.26666666666666666	0.5979513444302177	0	1	0	0	0	0	0	0	0	1	0	0	0	0
0.5555555555555556	0.43333333333333335	0.6043533930857875	0.5555555555555556	0.43333333333333335	0.6043533930857875	1	0	0	0	0	0	0	0	0	0	0	0	1	0
0.5555555555555556	0.5	0.6069142125480154	0.5555555555555556	0.5	0.6069142125480154	0	0	1	0	0	0	0	0	0	0	0	0	1	0
0.5555555555555556	0.5333333333333333	0.6081946222791293	0.5555555555555556	0.5333333333333333	0.6081946222791293	1	0	0	0	0	0	0	0	0	0	0	0	1	0
0.5555555555555556	0.5666666666666667	0.6094750320102432	0.5555555555555556	0.5666666666666667	0.6094750320102432	0	0	1	0	0	0	0	0	0	1	0	0	0	0
0.5555555555555556	0.7	0.614596670934699	0.5555555555555556	0.7	0.614596670934699	1	0	0	0	0	0	0	0	0	0	0	0	1	0
0.5555555555555556	0.7333333333333333	0.615877080665813	0.5555555555555556	0.7333333333333333	0.615877080665813	1	0	0	0	0	0	0	0	0	1	0	0	0	0
0.5555555555555556	0.9	0.6222791293213829	0.5555555555555556	0.9	0.6222791293213829	1	0	0	0	0	0	0	0	0	0	0	0	1	0
0.5555555555555556	0.9333333333333333	0.6235595390524968	0.5555555555555556	0.9333333333333333	0.6235595390524968	1	0	0	0	0	0	0	0	0	0	0	0	1	0
0.5555555555555556	0.9666666666666667	0.6248399487836107	0.5555555555555556	0.9666666666666667	0.6248399487836107	1	0	0	0	0	0	0	0	0	0	0	0	1	0
0.5555555555555556	1.0	0.6261203585147247	0.5555555555555556	1.0	0.6261203585147247	1	0	0	0	0	0	0	0	0	0	0	0	1	0
0.5714285714285714	0.13333333333333333	0.6325224071702945	0.5714285714285714	0.13333333333333333	0.6325224071702945	0	0	1	0	0	0	0	0	0	1	0	0	0	0
0.5714285714285714	0.26666666666666666	0.6376440460947503	0.5714285714285714	0.26666666666666666	0.6376440460947503	1	0	0	0	0	0	0	0	0	0	0	0	1	0
0.5714285714285714	0.3	0.6389244558258643	0.5714285714285714	0.3	0.6389244558258643	1	0	0	0	0	0	0	0	0	1	0	0	0	0
0.5714285714285714	0.4666666666666667	0.645326504481434	0.5714285714285714	0.4666666666666667	0.645326504481434	1	0	0	0	0	0	0	0	0	0	0	0	1	0
0.5555555555555556	0.26666666666666666	0.5979513444302177	0.5714285714285714	0.5	0.646606914212548	0	0	1	0	0	0	0	0	0	1	0	0	0	0
0.5714285714285714	0.6333333333333333	0.6517285531370038	0.5714285714285714	0.6333333333333333	0.6517285531370038	1	0	0	0	0	0	0	0	0	0	0	0	1	0
0.5714285714285714	0.6666666666666666	0.6530089628681178	0.5714285714285714	0.6666666666666666	0.6530089628681178	1	0	0	0	0	0	0	0	0	0	0	0	1	0
0.2857142857142857	0.2	0.3559539052496799	0.5873015873015873	0.13333333333333333	0.6594110115236875	0	0	1	0	0	0	0	0	0	1	0	0	0	0
0.5873015873015873	0.16666666666666666	0.6606914212548015	0.5873015873015873	0.16666666666666666	0.6606914212548015	1	0	0	0	0	0	0	0	0	0	0	0	1	0
0.5555555555555556	0.26666666666666666	0.5979513444302177	0.5873015873015873	0.2	0.6619718309859155	0	0	1	0	0	0	0	0	0	1	0	0	0	0
0.5873015873015873	0.3333333333333333	0.6670934699103713	0.5873015873015873	0.3333333333333333	0.6670934699103713	1	0	0	0	0	0	0	0	0	0	0	0	1	0
0.5873015873015873	0.4	0.6696542893725992	0.5873015873015873	0.4	0.6696542893725992	1	0	0	0	0	0	0	0	0	0	0	0	1	0
0.5873015873015873	0.4666666666666667	0.6722151088348272	0.5873015873015873	0.4666666666666667	0.6722151088348272	1	0	0	0	0	0	0	0	1	0	0	0	0	0
0.5873015873015873	0.6	0.677336747759283	0.5873015873015873	0.6	0.677336747759283	1	0	0	0	0	0	0	0	0	0	0	0	1	0
0.6031746031746031	0.1	0.6824583866837388	0.6031746031746031	0.1	0.6824583866837388	1	0	0	0	0	0	0	0	0	0	0	0	1	0
0.6190476190476191	0.1	0.6875800256081946	0.6190476190476191	0.1	0.6875800256081946	1	0	0	0	0	0	0	0	1	0	0	0	0	0
0.6190476190476191	0.2	0.6914212548015365	0.6190476190476191	0.2	0.6914212548015365	1	0	0	0	0	0	0	0	0	0	0	0	1	0
0.49206349206349204	0.26666666666666666	0.5441741357234315	0.6190476190476191	0.23333333333333334	0.6927016645326505	0	0	1	0	0	0	0	0	0	1	0	0	0	0
0.6190476190476191	0.3	0.6952624839948783	0.6190476190476191	0.3	0.6952624839948783	1	0	0	0	0	0	0	0	0	0	0	0	1	0
0.6190476190476191	0.4	0.6991037131882202	0.6190476190476191	0.4	0.6991037131882202	0	0	0	0	0	1	0	0	0	0	1	0	0	0
0.6190476190476191	0.5	0.7029449423815621	0.6190476190476191	0.5	0.7029449423815621	1	0	0	0	0	0	0	0	0	0	0	0	1	0
0.6349206349206349	0.1	0.708066581306018	0.6349206349206349	0.1	0.708066581306018	1	0	0	0	0	0	0	0	0	0	0	0	1	0
0.6507936507936508	0.13333333333333333	0.7144686299615877	0.6507936507936508	0.13333333333333333	0.7144686299615877	1	0	0	0	0	0	0	0	1	0	0	0	0	0
0.6507936507936508	0.26666666666666666	0.7195902688860435	0.6507936507936508	0.26666666666666666	0.7195902688860435	0	1	0	0	0	0	0	0	0	1	0	0	0	0
0.6507936507936508	0.43333333333333335	0.7259923175416133	0.6507936507936508	0.43333333333333335	0.7259923175416133	1	0	0	0	0	0	0	0	0	0	0	0	1	0
0.6507936507936508	0.5	0.7285531370038413	0.6507936507936508	0.5	0.7285531370038413	0	0	1	0	0	0	0	0	0	0	0	0	1	0
0.6507936507936508	0.5333333333333333	0.7298335467349552	0.6507936507936508	0.5333333333333333	0.7298335467349552	1	0	0	0	0	0	0	0	0	0	0	0	1	0
0.6507936507936508	0.5666666666666667	0.7311139564660691	0.6507936507936508	0.5666666666666667	0.7311139564660691	0	0	1	0	0	0	0	0	0	0	0	0	1	0
0.6507936507936508	0.6333333333333333	0.7336747759282971	0.6507936507936508	0.6333333333333333	0.7336747759282971	0	0	1	0	0	0	0	0	0	1	0	0	0	0
0.6507936507936508	0.7666666666666667	0.7387964148527529	0.6507936507936508	0.7666666666666667	0.7387964148527529	1	0	0	0	0	0	0	0	0	0	0	0	1	0
0.6507936507936508	0.8	0.7400768245838668	0.6507936507936508	0.8	0.7400768245838668	1	0	0	0	0	0	0	0	0	1	0	0	0	0
0.6507936507936508	0.9	0.7439180537772087	0.6507936507936508	0.9	0.7439180537772087	1	0	0	0	0	0	0	0	0	0	0	0	1	0
0.6507936507936508	0.9333333333333333	0.7451984635083226	0.6507936507936508	0.9333333333333333	0.7451984635083226	1	0	0	0	0	0	0	0	0	0	0	0	1	0
0.6507936507936508	0.9666666666666667	0.7464788732394366	0.6507936507936508	0.9666666666666667	0.7464788732394366	1	0	0	0	0	0	0	0	0	0	0	0	1	0
0.6507936507936508	1.0	0.7477592829705506	0.6507936507936508	1.0	0.7477592829705506	1	0	0	0	0	0	0	0	0	0	0	0	1	0
0.6666666666666666	0.13333333333333333	0.7541613316261203	0.6666666666666666	0.13333333333333333	0.7541613316261203	0	0	1	0	0	0	0	0	0	1	0	0	0	0
0.6666666666666666	0.26666666666666666	0.7592829705505761	0.6666666666666666	0.26666666666666666	0.7592829705505761	1	0	0	0	0	0	0	0	0	0	0	0	1	0
0.6666666666666666	0.3	0.7605633802816901	0.6666666666666666	0.3	0.7605633802816901	1	0	0	0	0	0	0	0	0	1	0	0	0	0
0.6666666666666666	0.4666666666666667	0.7669654289372599	0.6666666666666666	0.4666666666666667	0.7669654289372599	1	0	0	0	0	0	0	0	0	0	0	0	1	0
0.6507936507936508	0.26666666666666666	0.7195902688860435	0.6666666666666666	0.5	0.7682458386683739	0	0	1	0	0	0	0	0	0	1	0	0	0	0
0.6666666666666666	0.6333333333333333	0.7733674775928298	0.6666666666666666	0.6333333333333333	0.7733674775928298	1	0	0	0	0	0	0	0	0	0	0	0	1	0
0.6666666666666666	0.6666666666666666	0.7746478873239436	0.6666666666666666	0.6666666666666666	0.7746478873239436	1	0	0	0	0	0	0	0	0	0	0	0	1	0
0.2857142857142857	0.2	0.3559539052496799	0.6825396825396826	0.13333333333333333	0.7810499359795134	0	0	1	0	0	0	0	0	0	1	0	0	0	0
0.6825396825396826	0.16666666666666666	0.7823303457106274	0.6825396825396826	0.16666666666666666	0.7823303457106274	1	0	0	0	0	0	0	0	0	0	0	0	1	0
0.6507936507936508	0.26666666666666666	0.7195902688860435	0.6825396825396826	0.2	0.7836107554417413	0	0	1	0	0	0	0	0	0	1	0	0	0	0
0.6825396825396826	0.3333333333333333	0.7887323943661971	0.6825396825396826	0.3333333333333333	0.7887323943661971	1	0	0	0	0	0	0	0	0	0	0	0	1	0
0.6825396825396826	0.4	0.7912932138284251	0.6825396825396826	0.4	0.7912932138284251	1	0	0	0	0	0	0	0	0	0	0	0	1	0
0.6825396825396826	0.4666666666666667	0.793854033290653	0.6825396825396826	0.4666666666666667	0.793854033290653	1	0	0	0	0	0	0	0	1	0	0	0	0	0
0.6825396825396826	0.6	0.7989756722151088	0.6825396825396826	0.6	0.7989756722151088	1	0	0	0	0	0	0	0	0	0	0	0	1	0
0.6984126984126984	0.1	0.8040973111395646	0.6984126984126984	0.1	0.8040973111395646	1	0	0	0	0	0	0	0	0	0	0	0	1	0
0.7142857142857143	0.1	0.8092189500640204	0.7142857142857143	0.1	0.8092189500640204	1	0	0	0	0	0	0	0	1	0	0	0	0	0
0.7142857142857143	0.2	0.8130601792573624	0.7142857142857143	0.2	0.8130601792573624	1	0	0	0	0	0	0	0	0	0	0	0	1	0
0.49206349206349204	0.26666666666666666	0.5441741357234315	0.7142857142857143	0.23333333333333334	0.8143405889884763	0	0	1	0	0	0	0	0	0	1	0	0	0	0
0.7142857142857143	0.3	0.8169014084507042	0.7142857142857143	0.3	0.8169014084507042	1	0	0	0	0	0	0	0	0	0	0	0	1	0
0.7142857142857143	0.4	0.8207426376440461	0.7142857142857143	0.4	0.8207426376440461	0	0	0	0	0	1	0	0	0	0	1	0	0	0
0.7142857142857143	0.5333333333333333	0.8258642765685019	0.7142857142857143	0.5333333333333333	0.8258642765685019	1	0	0	0	0	0	0	0	0	0	0	0	1	0
0.49206349206349204	0.26666666666666666	0.5441741357234315	0.7142857142857143	0.6333333333333333	0.8297055057618438	0	0	1	0	0	0	0	0	0	1	0	0	0	0
0.7142857142857143	0.7	0.8322663252240717	0.7142857142857143	0.7	0.8322663252240717	1	0	0	0	0	0	0	0	0	0	0	0	1	0
0.7142857142857143	0.8	0.8361075544174136	0.7142857142857143	0.8	0.8361075544174136	0	0	0	0	0	1	0	0	0	0	1	0	0	0
0.7142857142857143	0.9	0.8399487836107554	0.7142857142857143	0.9	0.8399487836107554	1	0	0	0	0	0	0	0	0	0	0	0	1	0
0.7301587301587301	0.1	0.8450704225352113	0.7301587301587301	0.1	0.8450704225352113	1	0	0	0	0	0	0	0	0	0	0	0	1	0
0.746031746031746	0.13333333333333333	0.8514724711907811	0.746031746031746	0.13333333333333333	0.8514724711907811	1	0	0	0	0	0	0	0	1	0	0	0	0	0
0.746031746031746	0.26666666666666666	0.8565941101152369	0.746031746031746	0.26666666666666666	0.8565941101152369	0	1	0	0	0	0	0	0	0	1	0	0	0	0
0.746031746031746	0.3333333333333333	0.8591549295774648	0.746031746031746	0.3333333333333333	0.8591549295774648	1	0	0	0	0	0	0	0	0	0	0	0	1	0
0.49206349206349204	0.26666666666666666	0.5441741357234315	0.746031746031746	0.4	0.8617157490396927	0	0	1	0	0	0	0	0	0	1	0	0	0	0
0.746031746031746	0.4666666666666667	0.8642765685019206	0.746031746031746	0.4666666666666667	0.8642765685019206	1	0	0	0	0	0	0	0	0	0	0	0	1	0
0.746031746031746	0.5333333333333333	0.8668373879641486	0.746031746031746	0.5333333333333333	0.8668373879641486	0	0	0	0	0	1	0	0	0	0	1	0	0	0
0.746031746031746	0.6333333333333333	0.8706786171574904	0.746031746031746	0.6333333333333333	0.8706786171574904	1	0	0	0	0	0	0	0	0	0	0	0	1	0
0.2857142857142857	0.2	0.3559539052496799	0.7619047619047619	0.13333333333333333	0.8770806658130602	0	0	1	0	0	0	0	0	0	1	0	0	0	0
0.7619047619047619	0.16666666666666666	0.8783610755441741	0.7619047619047619	0.16666666666666666	0.8783610755441741	1	0	0	0	0	0	0	0	0	0	0	0	1	0
0.746031746031746	0.26666666666666666	0.8565941101152369	0.7619047619047619	0.2	0.8796414852752881	0	0	1	0	0	0	0	0	0	1	0	0	0	0
0.7619047619047619	0.23333333333333334	0.8809218950064021	0.7619047619047619	0.23333333333333334	0.8809218950064021	1	0	0	0	0	0	0	0	0	0	0	0	1	0
0.7619047619047619	0.3	0.8834827144686299	0.7619047619047619	0.3	0.8834827144686299	1	0	0	0	0	0	0	0	0	0	0	0	1	0
0.7619047619047619	0.36666666666666664	0.8860435339308579	0.7619047619047619	0.36666666666666664	0.8860435339308579	0	0	0	0	1	0	0	0	0	0	1	0	0	0
0.7619047619047619	0.4	0.8873239436619719	0.7619047619047619	0.4	0.8873239436619719	1	0	0	0	0	0	0	0	0	0	0	0	1	0
0.7777777777777778	0.13333333333333333	0.8937259923175416	0.7777777777777778	0.13333333333333333	0.8937259923175416	0	0	1	0	0	0	0	0	0	1	0	0	0	0
0.7777777777777778	0.26666666666666666	0.8988476312419974	0.7777777777777778	0.26666666666666666	0.8988476312419974	1	0	0	0	0	0	0	0	0	0	0	0	1	0
0.7777777777777778	0.3	0.9001280409731114	0.7777777777777778	0.3	0.9001280409731114	1	0	0	0	0	0	0	0	0	1	0	0	0	0
0.7777777777777778	0.5	0.9078104993597952	0.7777777777777778	0.5	0.9078104993597952	1	0	0	0	0	0	0	0	0	0	0	0	1	0
0.746031746031746	0.26666666666666666	0.8565941101152369	0.7777777777777778	0.5333333333333333	0.9090909090909091	0	0	1	0	0	0	0	0	0	1	0	0	0	0
0.7777777777777778	0.5666666666666667	0.910371318822023	0.7777777777777778	0.5666666666666667	0.910371318822023	1	0	0	0	0	0	0	0	0	0	0	0	1	0
0.7777777777777778	0.6	0.911651728553137	0.7777777777777778	0.6	0.911651728553137	1	0	0	0	0	0	0	0	0	0	0	0	1	0
0.7936507936507936	0.1	0.9167733674775929	0.7936507936507936	0.1	0.9167733674775929	1	0	0	0	0	0	0	0	0	0	0	0	1	0
0.8253968253968254	0.06666666666666667	0.9218950064020487	0.8253968253968254	0.06666666666666667	0.9218950064020487	1	0	0	0	0	0	0	0	0	0	0	0	1	0
0.8412698412698413	0.06666666666666667	0.9257362355953905	0.8412698412698413	0.06666666666666667	0.9257362355953905	1	0	0	0	0	0	0	0	1	0	0	0	0	0
0.8412698412698413	0.2	0.9308578745198464	0.8412698412698413	0.2	0.9308578745198464	1	0	0	0	0	0	0	0	0	0	0	0	1	0
0.8412698412698413	0.23333333333333334	0.9321382842509603	0.8412698412698413	0.23333333333333334	0.9321382842509603	1	0	0	0	0	0	0	0	1	0	0	0	0	0
0.8412698412698413	0.36666666666666664	0.9372599231754162	0.8412698412698413	0.36666666666666664	0.9372599231754162	0	1	0	0	0	0	0	0	0	1	0	0	0	0
0.8412698412698413	0.43333333333333335	0.939820742637644	0.8412698412698413	0.43333333333333335	0.939820742637644	1	0	0	0	0	0	0	0	0	0	0	0	1	0
0.8412698412698413	0.5	0.942381562099872	0.8412698412698413	0.5	0.942381562099872	0	0	0	0	1	0	0	0	0	0	1	0	0	0
0.8412698412698413	0.5333333333333333	0.9436619718309859	0.8412698412698413	0.5333333333333333	0.9436619718309859	1	0	0	0	0	0	0	0	0	0	0	0	1	0
0.8412698412698413	0.36666666666666664	0.9372599231754162	0.8412698412698413	0.6	0.9462227912932138	0	0	1	0	0	0	0	0	0	1	0	0	0	0
0.8412698412698413	0.6666666666666666	0.9487836107554417	0.8412698412698413	0.6666666666666666	0.9487836107554417	1	0	0	0	0	0	0	0	0	0	0	0	1	0
0.8412698412698413	0.7333333333333333	0.9513444302176697	0.8412698412698413	0.7333333333333333	0.9513444302176697	0	0	0	0	1	0	0	0	0	0	1	0	0	0
0.8412698412698413	0.8	0.9539052496798975	0.8412698412698413	0.8	0.9539052496798975	1	0	0	0	0	0	0	0	0	0	0	0	1	0
0.8412698412698413	0.36666666666666664	0.9372599231754162	0.8412698412698413	0.8666666666666667	0.9564660691421255	0	0	1	0	0	0	0	0	0	1	0	0	0	0
0.8412698412698413	0.9	0.9577464788732394	0.8412698412698413	0.9	0.9577464788732394	1	0	0	0	0	0	0	0	0	0	0	0	1	0
0.8412698412698413	0.9666666666666667	0.9603072983354674	0.8412698412698413	0.9666666666666667	0.9603072983354674	1	0	0	0	0	0	0	0	0	0	0	0	1	0
0.8571428571428571	0.06666666666666667	0.9641485275288092	0.8571428571428571	0.06666666666666667	0.9641485275288092	1	0	0	0	0	0	0	0	0	0	0	0	1	0
0.873015873015873	0.1	0.969270166453265	0.873015873015873	0.1	0.969270166453265	0	0	1	0	0	0	0	0	0	1	0	0	0	0
0.873015873015873	0.26666666666666666	0.9756722151088348	0.873015873015873	0.26666666666666666	0.9756722151088348	0	0	1	0	0	0	0	0	0	0	0	0	1	0
0.2857142857142857	0.2	0.3559539052496799	0.873015873015873	0.36666666666666664	0.9795134443021767	0	0	1	0	0	0	0	0	0	1	0	0	0	0
0.873015873015873	0.4	0.9807938540332907	0.873015873015873	0.4	0.9807938540332907	1	0	0	0	0	0	0	0	0	0	0	0	1	0
0.8412698412698413	0.36666666666666664	0.9372599231754162	0.873015873015873	0.43333333333333335	0.9820742637644047	0	0	1	0	0	0	0	0	0	1	0	0	0	0
0.873015873015873	0.4666666666666667	0.9833546734955185	0.873015873015873	0.4666666666666667	0.9833546734955185	1	0	0	0	0	0	0	0	0	0	0	0	1	0
0.873015873015873	0.5	0.9846350832266325	0.873015873015873	0.5	0.9846350832266325	1	0	0	0	0	0	0	0	0	0	0	0	1	0
0.8888888888888888	0.06666666666666667	0.9884763124199744	0.8888888888888888	0.06666666666666667	0.9884763124199744	1	0	0	0	0	0	0	0	0	0	0	0	1	0
1.0	0.03333333333333333	1.0	1.0	0.03333333333333333	1.0	1	0	0	0	0	0	0	0	0	0	0	0	1	0
